(40.5), (15.8), (27.6), (39.3), (26.5), (68.7), (57.7), (33.2), (72.3), (64.3), (69.9), (39.4), (50.0),
(24.0), (37.0), (21.7), (97.0), (90.7), (71.6), (22.9), (62.5), (51.4), (54.9), (36.3), (72.7), (61.8),
(90.2), (63.2), (77.9), (74.5), (48.6), (93.2), (51.8), (23.3), (74.8), (59.8), (38.6), (11.2), (22.9),
(35.3), (76.3), (52.6), (31.7), (21.1), (66.7), (10.3), (51.5), (72.3), (26.5), (2.1), (43.0), (93.2),
(38.0), (20.3), (31.4), (46.2), (84.1), (45.0), (73.2), (48.5), (92.6), (14.4), (47.5), (41.7), (58.1),
(77.7), (59.7), (69.8), (45.7), (13.3), (82.2), (77.5), (86.4), (29.0), (3.0), (46.1), (69.1), (83.7),
(17.0), (3.8), (86.8), (76.6), (95.8), (50.7), (86.0), (13.4), (46.2), (84.2), (97.3), (1.2), (87.3),
(60.8), (7.9), (58.1), (54.9), (38.5), (97.5), (39.8), (61.3), (74.9), (85.5), (18.7), (38.8), (83.8),
(85.8), (14.3), (87.2), (51.5), (77.6), (25.9), (78.9), (1.8), (19.3), (59.6), (48.9), (3.3), (11.1),
(11.0), (85.8), (22.3), (98.9), (75.0), (49.3), (18.9), (25.7), (46.9), (62.4), (14.8), (2.5), (57.3),
(56.1), (72.7), (77.8), (66.8), (2.1), (16.8), (6.4), (37.2), (85.4), (3.2), (19.9), (83.6), (38.0),
(92.9), (94.9), (59.2), (15.2), (24.0), (5.8), (91.2), (88.3), (9.1), (90.9), (84.5), (79.0), (69.8),
(25.9), (74.4), (7.6), (40.2), (43.2), (42.1), (2.0), (87.8), (24.3), (78.0), (98.0), (33.2), (12.0),
(11.5), (23.6), (65.0), (85.0), (29.4), (79.1), (72.3), (47.3), (58.2), (22.5), (5.4), (57.5), (90.6),
(50.1), (72.5), (24.6), (36.0), (72.2), (21.1), (99.0), (76.1), (40.9), (8.9), (16.4), (41.8), (32.5),
(7.8), (50.4), (64.2), (24.6), (51.3), (69.6), (59.0), (79.3), (25.5), (79.9), (78.4), (19.1), (60.0),
(16.4), (60.7), (3.7), (92.3), (54.3), (93.1), (25.1), (22.7), (27.3), (62.8), (43.1), (94.0), (37.9),
(77.4), (22.9), (26.0), (0.1), (1.6), (25.5), (6.4), (96.1), (99.3), (63.3), (23.4), (48.9), (11.2),
(48.4), (21.3), (66.9), (2.7), (16.9), (19.0), (30.5), (22.9), (56.7), (18.5), (86.6), (24.6), (67.1),
(15.4), (17.2), (61.3), (86.8), (67.0), (77.0), (76.5), (46.3), (60.1), (87.2), (19.3), (85.7), (51.9),
(74.6), (9.9), (0.3), (61.9), (49.7), (76.6), (65.3), (10.2), (93.7), (57.0), (61.4), (93.5), (52.5),
(88.2), (5.0), (94.0), (68.9), (22.2), (49.0), (95.6), (11.4), (22.9), (90.0), (46.8), (15.1), (11.9),
(23.4), (88.2), (14.9), (14.1), (92.9), (22.1), (17.7), (46.2), (43.1), (86.9), (76.6), (47.9), (52.0),
(54.0), (88.5), (19.3), (76.2), (64.1), (25.1), (2.8), (2.0), (17.6), (78.6), (94.6), (9.0), (80.5),
(75.8), (66.3), (9.6), (5.0), (76.7), (65.5), (55.6), (50.4), (1.8), (42.7), (87.9), (89.5), (10.4),
(45.8), (98.6), (12.5), (1.8), (46.4), (32.7), (33.5), (23.2), (72.6), (64.3), (98.5), (49.9), (33.2),
(37.5), (79.8), (86.8), (89.0), (17.2), (61.9), (41.6), (47.4), (54.3), (63.1), (84.2), (54.1), (11.7),
(4.9), (76.2), (48.2), (94.2), (66.1), (61.8), (97.2), (53.9), (58.0), (65.7), (50.7), (18.2), (15.9),
(58.2), (78.8), (94.6), (61.2), (53.8), (10.5), (30.6), (11.1), (27.9), (60.7), (74.7), (7.7), (85.0),
(83.7), (42.9), (61.0), (15.3), (52.4), (28.9), (73.5), (56.8), (3.8), (3.4), (52.5), (34.8), (81.4),
(51.2), (26.1), (0.1), (87.0), (36.6), (89.9), (20.2), (87.7), (3.0), (90.4), (11.3), (40.2), (65.0),
(19.4), (55.1), (98.0), (27.2), (29.2), (12.8), (39.9), (70.8), (62.9), (30.0), (77.2), (15.5), (44.2), (79.5), (88.9), (51.1), (50.8), (27.1),
(45.6), (77.0), (60.6), (42.3), (35.7), (19.6), (27.3), (92.1), (28.6), (57.6), (88.4), (65.6), (31.5),
(55.2), (43.7), (38.9), (73.1), (72.1), (61.4), (54.2), (62.3), (51.6), (55.4), (89.3), (21.9), (36.1),
(46.6), (92.4), (58.4), (31.3), (62.2), (57.8), (28.1), (87.6), (23.1), (46.0), (35.5), (76.4), (91.0),
(53.3), (47.0), (33.4), (29.8), (54.6), (90.3), (17.4), (67.2), (60.4), (83.4), (76.3), (88.1), (44.9),
(71.3), (79.6), (51.0), (13.1), (90.8), (52.7), (47.8), (66.0), (30.9), (79.7), (94.8), (38.4), (68.2),
(62.1), (70.6), (36.9), (54.8), (50.5), (33.1), (29.7), (49.5), (65.2), (68.0), (93.3), (40.6), (81.5),
(28.5), (63.7), (31.6), (48.8), (77.1), (66.5), (34.3), (59.4), (85.1), (58.9), (33.9), (28.8), (72.0),
(48.1), (93.0), (40.4), (57.9), (81.3), (85.9), (32.1), (19.2), (45.4), (49.4), (68.6), (63.0), (38.3),
(47.6), (81.9), (91.5), (79.4), (85.6), (27.5), (48.7), (59.3), (74.2), (42.8), (61.5), (56.3), (35.4),
(26.9), (88.7), (53.0), (29.3), (78.5), (56.9), (64.0), (66.4), (70.7), (75.2), (31.0), (57.1), (53.5),
(35.1), (92.8), (22.8), (75.7), (60.5), (40.3), (88.0), (94.3), (48.3), (50.2), (92.0), (76.8), (46.7),
(85.3), (89.7), (61.7), (24.9), (29.6), (75.4), (69.7), (69.5), (26.4), (45.1), (34.9), (51.7), (68.4),
(92.7), (49.8), (76.9), (81.0), (65.8), (52.8), (39.7), (63.6), (39.0), (24.8), (75.9), (43.3), (64.5),
(85.2), (88.6), (46.5), (37.7), (84.7), (69.3), (38.2), (87.4), (40.7), (36.4), (72.9), (25.2), (33.6),
(79.2), (71.9), (41.2), (70.3), (71.0), (67.5), (92.5), (66.2), (33.7), (25.8), (55.0), (45.9), (47.2),
(71.2), (64.7), (84.9), (85.0), (94.5), (36.7), (55.5), (53.2), (87.1), (58.3), (82.3), (89.2), (47.1),
(82.7), (73.9), (49.2), (32.8), (93.4), (41.0), (67.8), (41.4), (43.9), (84.3), (90.5), (64.6), (59.5),
(70.5), (51.0), (58.8), (41.3), (61.6), (55.8), (51.1), (44.7), (36.2), (74.3), (56.0), (71.5), (50.3),
(89.6), (35.2), (75.8), (66.6), (69.2), (65.1), (72.8), (50.9), (76.0), (73.6), (32.9), (29.9), (54.4),
(75.1), (84.8), (81.8), (60.2), (67.3), (34.6), (42.5), (33.3), (68.1), (46.0), (25.0), (74.1), (29.4);

